952 959 952 961 950 957 952 962 951 956 962 958 960 961 948 963 960 962 948 956 963 960 956 956 0 -1 0 0 0 0 0 0 0 0 0 -1 0 0 0 -1 0 0 0 0 0 0 0 0 0
952 959 952 961 950 957 952 962 951 956 962 958 960 961 948 962 960 962 948 956 963 960 956 956 0 -1 0 0 0 0 0 0 0 0 0 -1 0 0 0 0 0 0 0 0 0 0 0 0 0
952 959 952 961 950 957 952 962 951 956 962 958 960 961 948 963 960 962 948 956 963 960 956 956 0 -1 0 0 0 0 0 0 0 0 0 -1 0 0 0 -1 0 0 0 0 0 0 0 0 0
938 905 920 953 869 916 891 949 865 947 896 946 952 926 902 942 961 954 932 955 953 951 943 949 14 53 32 8 81 41 61 13 86 9 66 11 8 35 46 20 -1 8 16 1 10 9 13 7 1
908 929 951 962 825 939 945 960 830 908 961 957 905 936 945 952 906 958 947 956 949 960 954 956 44 29 1 -1 125 18 7 2 121 48 1 0 55 25 3 10 54 4 1 0 14 0 2 0 1
930 889 919 957 864 912 879 954 914 914 884 943 939 906 889 946 900 938 932 957 957 953 950 956 22 69 33 4 86 45 73 8 37 42 78 14 21 55 59 16 60 24 16 -1 6 7 6 0 1
950 941 908 912 930 955 903 912 932 952 939 904 957 949 881 901 955 947 896 945 967 957 947 949 2 17 44 49 20 2 49 50 19 4 23 53 3 12 67 61 5 15 52 11 -4 3 9 7 1
902 923 947 957 826 939 940 959 828 929 961 953 900 933 943 951 868 929 936 956 935 952 954 957 50 35 5 4 124 18 12 3 123 27 1 4 60 28 5 11 92 33 12 0 28 8 2 -1 1
942 887 903 947 870 913 894 958 874 870 928 953 950 903 857 944 952 948 893 944 968 952 946 954 10 71 49 14 80 44 58 4 77 86 34 4 10 58 91 18 8 14 55 12 -5 8 10 2 1
942 887 903 948 871 912 894 959 874 867 928 954 951 902 856 945 955 948 894 944 969 952 946 954 10 71 49 13 79 45 58 3 77 89 34 3 9 59 92 17 5 14 54 12 -6 8 10 2 1
949 1003 923 906 926 949 891 919 924 929 875 931 956 952 881 899 956 961 927 931 969 959 948 943 3 -45 29 55 24 8 61 43 27 27 87 26 4 9 67 63 4 1 21 25 -6 1 8 13 1
910 921 946 955 825 933 931 959 806 887 955 955 923 937 946 952 932 956 946 955 945 954 953 956 42 37 6 6 125 24 21 3 145 69 7 2 37 24 2 10 28 6 2 1 18 6 3 0 1
949 1004 924 920 921 954 901 910 916 941 918 898 956 955 904 903 956 962 935 946 970 958 948 946 3 -46 28 41 29 3 51 52 35 15 44 59 4 6 44 59 4 0 13 10 -7 2 8 10 1
950 940 915 923 919 935 871 917 874 879 865 935 949 928 896 941 941 952 935 956 941 953 952 957 2 18 37 38 31 22 81 45 77 77 97 22 11 33 52 21 19 10 13 0 22 7 4 -1 1
923 929 944 957 821 914 915 957 845 870 881 944 946 916 895 941 958 954 931 948 970 957 947 944 29 29 8 4 129 43 37 5 106 86 81 13 14 45 53 21 2 8 17 8 -7 3 9 12 1
938 957 925 938 869 925 855 935 903 920 899 937 955 937 879 931 945 935 885 942 967 954 944 951 14 1 27 23 81 32 97 27 48 36 63 20 5 24 69 31 15 27 63 14 -4 6 12 5 1
938 929 925 937 870 924 854 935 905 920 897 937 955 938 884 930 946 935 885 942 967 954 944 951 14 29 27 24 80 33 98 27 46 36 65 20 5 23 64 32 14 27 63 14 -4 6 12 5 1
940 923 925 937 866 921 858 938 903 921 899 936 956 941 882 927 946 936 884 940 967 954 944 949 12 35 27 24 84 36 94 24 48 35 63 21 4 20 66 35 14 26 64 16 -4 6 12 7 1
938 957 952 953 847 939 928 932 845 837 894 944 934 877 881 946 951 949 929 956 963 952 946 953 14 1 0 8 103 18 24 30 106 119 68 13 26 84 67 16 9 13 19 0 0 8 10 3 2
950 957 952 958 916 946 943 959 860 855 909 951 919 852 859 947 880 931 886 945 962 956 948 952 2 1 0 3 34 11 9 3 91 101 53 6 41 109 89 15 80 31 62 11 1 4 8 4 2
923 888 901 935 865 892 845 944 902 934 947 953 955 953 942 953 942 945 919 953 966 956 948 955 29 70 51 26 85 65 107 18 49 22 15 4 5 8 6 9 18 17 29 3 -3 4 8 1 2
941 911 923 948 841 838 801 937 848 894 916 936 952 952 939 941 952 961 944 955 971 961 953 955 11 47 29 13 109 119 151 25 103 62 46 21 8 9 9 21 8 1 4 1 -8 -1 3 1 2
950 960 952 952 925 953 941 955 930 949 960 953 957 960 950 954 955 961 945 955 970 960 955 957 2 -2 0 9 25 4 11 7 21 7 2 4 3 1 -2 8 5 1 3 1 -7 0 1 -1 0
951 961 952 952 929 954 944 956 936 955 960 954 957 960 950 956 956 962 946 955 971 960 955 957 1 -3 0 9 21 3 8 6 15 1 2 3 3 1 -2 6 4 0 2 1 -8 0 1 -1 0
951 961 952 953 929 953 945 957 936 955 960 954 957 960 950 956 956 961 946 955 970 960 955 957 1 -3 0 8 21 4 7 5 15 1 2 3 3 1 -2 6 4 1 2 1 -7 0 1 -1 0
951 961 952 953 929 953 945 957 936 955 960 954 958 960 951 956 956 962 946 955 970 960 955 957 1 -3 0 8 21 4 7 5 15 1 2 3 2 1 -3 6 4 0 2 1 -7 0 1 -1 0
951 961 952 954 931 953 946 957 937 955 961 955 958 960 945 957 958 961 946 956 970 960 955 957 1 -3 0 7 19 4 6 5 14 1 1 2 2 1 3 5 2 1 2 0 -7 0 1 -1 0
951 961 952 954 931 953 946 957 938 955 961 954 958 960 945 957 958 962 946 955 971 960 955 957 1 -3 0 7 19 4 6 5 13 1 1 3 2 1 3 5 2 0 2 1 -8 0 1 -1 0
952 961 952 954 931 953 947 958 938 999 961 955 958 960 946 958 958 962 947 956 969 961 955 957 0 -3 0 7 19 4 5 4 13 -43 1 2 2 1 2 4 2 0 1 0 -6 -1 1 -1 0
937 909 931 957 853 905 900 952 851 864 899 948 943 909 896 946 958 953 931 956 966 952 944 950 15 49 21 4 97 52 52 10 100 92 63 9 17 52 52 16 2 9 17 0 -3 8 12 6 1
915 936 954 959 824 940 945 958 829 911 960 956 904 957 943 954 908 960 946 956 950 962 954 956 37 22 -2 2 126 17 7 4 122 45 2 1 56 4 5 8 52 2 2 0 13 -2 2 0 1
950 958 933 917 919 954 914 910 917 949 935 914 956 961 927 891 955 962 948 937 971 961 959 947 2 0 19 44 31 3 38 52 34 7 27 43 4 0 21 71 5 0 0 19 -8 -1 -3 9 1
951 1002 921 923 907 935 874 913 871 875 864 935 949 926 892 939 951 955 936 956 946 954 953 957 1 -44 31 38 43 22 78 49 80 81 98 22 11 35 56 23 9 7 12 0 17 6 3 -1 1
918 924 945 957 822 911 910 955 843 863 890 946 945 919 905 942 958 955 931 947 972 959 947 943 34 34 7 4 128 46 42 7 108 93 72 11 15 42 43 20 2 7 17 9 -9 1 9 13 1
915 931 948 959 817 933 933 958 814 902 954 954 916 939 945 952 931 954 946 956 946 953 955 956 37 27 4 2 133 24 19 4 137 54 8 3 44 22 3 10 29 8 2 0 17 7 1 0 1
950 950 929 929 918 946 890 900 915 940 917 904 956 953 886 894 957 962 928 945 972 959 950 946 2 8 23 32 32 11 62 62 36 16 45 53 4 8 62 68 3 0 20 11 -9 1 6 10 1
934 896 922 953 862 905 883 950 900 905 906 948 935 888 894 949 885 939 932 956 961 954 951 957 18 62 30 8 88 52 69 12 51 51 56 9 25 73 54 13 75 23 16 0 2 6 5 -1 1
950 939 902 926 922 946 891 909 922 950 936 902 956 947 868 895 950 951 909 942 971 960 955 948 2 19 50 35 28 11 61 53 29 6 26 55 4 14 80 67 10 11 39 14 -8 0 1 8 1
901 934 950 957 836 938 943 957 839 944 960 953 905 941 949 951 877 943 941 955 943 960 955 956 51 24 2 4 114 19 9 5 112 12 2 4 55 20 -1 11 83 19 7 1 20 0 1 0 1
946 903 921 949 865 910 885 951 871 880 925 952 951 897 839 939 947 952 904 939 971 952 945 952 6 55 31 12 85 47 67 11 80 76 37 5 9 64 109 23 13 10 44 17 -8 8 11 4 1
926 942 947 943 843 936 918 936 859 840 854 943 947 913 891 942 952 953 929 955 968 951 943 951 26 16 5 18 107 21 34 26 92 116 108 14 13 48 57 20 8 9 19 1 -5 9 13 5 2
950 959 952 957 915 946 935 957 878 842 872 945 933 875 861 938 886 933 901 945 965 957 949 951 2 -1 0 4 35 11 17 5 73 114 90 12 27 86 87 24 74 29 47 11 -2 3 7 5 2
924 895 918 938 836 856 853 948 874 930 947 954 954 952 943 952 936 946 922 953 964 953 948 955 28 63 34 23 114 101 99 14 77 26 15 3 6 9 5 10 24 16 26 3 -1 7 8 1 2
939 914 933 953 816 816 829 946 820 894 913 945 946 952 929 947 951 960 944 955 971 960 954 956 13 44 19 8 134 141 123 16 131 62 49 12 14 9 19 15 9 2 4 1 -8 0 2 0 2
950 960 952 953 919 952 941 957 918 953 960 954 957 960 950 955 953 960 946 955 971 960 954 957 2 -2 0 8 31 5 11 5 33 3 2 3 3 1 -2 7 7 2 2 1 -8 0 2 -1 0
951 961 952 954 925 953 943 958 933 950 960 954 957 960 951 957 955 961 946 955 971 960 955 957 1 -3 0 7 25 4 9 4 18 6 2 3 3 1 -3 5 5 1 2 1 -8 0 1 -1 0
951 961 952 954 925 953 944 958 933 950 960 955 957 960 951 957 954 961 947 955 971 960 954 957 1 -3 0 7 25 4 8 4 18 6 2 2 3 1 -3 5 6 1 1 1 -8 0 2 -1 0
954 957 950 963 951 957 952 954 949 961 961 961 962 961 955 961 952 962 948 959 952 960 957 960 0 0 1 0 -1 0 0 1 0 -1 0 0 0 0 0 0 0 0 0 0 1 0 0 0 0
954 956 950 963 951 957 952 955 949 961 961 961 962 961 955 961 952 962 948 960 952 960 957 960 0 1 1 0 -1 0 0 0 0 -1 0 0 0 0 0 0 0 0 0 -1 1 0 0 0 0
953 957 950 963 950 957 951 955 949 960 961 961 962 960 955 961 952 962 948 959 953 960 957 960 1 0 1 0 0 0 1 0 0 0 0 0 0 1 0 0 0 0 0 0 0 0 0 0 0
954 956 938 941 950 957 932 919 948 960 952 929 962 961 929 888 953 959 923 941 954 958 952 950 0 1 13 22 0 0 20 36 1 0 9 32 0 0 26 73 -1 3 25 18 -1 2 5 10 1
955 978 937 950 948 953 916 903 949 960 940 916 962 961 921 885 953 962 935 946 954 960 955 946 -1 -21 14 13 2 4 36 52 0 0 21 45 0 0 34 76 -1 0 13 13 -1 0 2 14 1
948 938 941 961 902 945 909 941 942 932 929 948 959 936 863 925 910 943 921 954 935 951 950 958 6 19 10 2 48 12 43 14 7 28 32 13 3 25 92 36 42 19 27 5 18 9 7 2 1
951 939 941 963 893 929 903 945 906 910 920 952 955 915 907 934 947 951 932 957 954 954 947 951 3 18 10 0 57 28 49 10 43 50 41 9 7 46 48 27 5 11 16 2 -1 6 10 9 1
935 939 949 964 851 939 934 951 851 917 954 958 919 937 945 941 882 953 946 957 915 957 954 958 19 18 2 -1 99 18 18 4 98 43 7 3 43 24 10 20 70 9 2 2 38 3 3 2 1
939 942 951 965 851 938 940 951 832 970 952 959 907 924 944 944 906 952 943 958 924 957 954 958 15 15 0 -2 99 19 12 4 117 -10 9 2 55 37 11 17 46 10 5 1 29 3 3 2 1
938 934 949 965 835 937 940 952 822 919 959 959 912 936 948 946 901 949 941 958 918 955 954 958 16 23 2 -2 115 20 12 3 127 41 2 2 50 25 7 15 51 13 7 1 35 5 3 2 1
954 975 933 955 908 930 895 942 883 885 918 956 952 926 903 942 944 955 929 954 947 955 946 952 0 -18 18 8 42 27 57 13 66 75 43 5 10 35 52 19 8 7 19 5 6 5 11 8 1
954 969 935 934 928 954 913 907 924 955 924 889 957 962 934 905 946 961 947 949 949 959 955 947 0 -12 16 29 22 3 39 48 25 5 37 72 5 -1 21 56 6 1 1 10 4 1 2 13 1
955 947 933 948 931 944 897 923 916 917 887 939 955 938 902 929 930 954 940 958 912 955 955 959 -1 10 18 15 19 13 55 32 33 43 74 22 7 23 53 32 22 8 8 1 41 5 2 1 1
945 933 943 962 869 922 914 947 876 897 915 948 954 927 901 933 947 956 932 954 950 959 950 949 9 24 8 1 81 35 38 8 73 63 46 13 8 34 54 28 5 6 16 5 3 1 7 11 1
946 933 941 963 872 924 897 940 889 920 932 950 954 936 918 943 884 932 923 957 922 952 952 959 8 24 10 0 78 33 55 15 60 40 29 11 8 25 37 18 68 30 25 2 31 8 5 1 1
953 956 952 964 932 953 944 950 892 907 910 948 947 891 870 921 910 943 917 946 942 955 954 958 1 1 -1 -1 18 4 8 5 57 53 51 13 15 70 85 40 42 19 31 13 11 5 3 2 2
950 954 949 962 872 942 928 932 879 967 901 947 954 912 882 933 942 951 928 956 952 953 945 953 4 3 2 1 78 15 24 23 70 -7 60 14 8 49 73 28 10 11 20 3 1 7 12 7 2
929 976 924 924 870 911 855 926 927 942 951 956 958 959 949 946 940 946 921 955 946 954 950 957 25 -19 27 39 80 46 97 29 22 18 10 5 4 2 6 15 12 16 27 4 7 6 7 3 2
951 932 934 949 862 883 837 923 868 907 928 942 954 950 945 944 944 959 945 958 950 958 955 958 3 25 17 14 88 74 115 32 81 53 33 19 8 11 10 17 8 3 3 1 3 2 2 2 2
954 960 954 958 940 954 945 948 939 957 960 955 959 961 947 952 945 961 947 957 950 959 957 959 0 -3 -3 5 10 3 7 7 10 3 1 6 3 0 8 9 7 1 1 2 3 1 0 1 0
955 960 954 958 941 954 945 948 940 957 960 955 959 960 947 952 945 961 947 957 950 959 957 959 -1 -3 -3 5 9 3 7 7 9 3 1 6 3 1 8 9 7 1 1 2 3 1 0 1 0
955 960 954 958 941 954 945 949 940 957 960 956 959 961 947 953 945 961 947 958 950 959 957 959 -1 -3 -3 5 9 3 7 6 9 3 1 5 3 0 8 8 7 1 1 1 3 1 0 1 0
955 960 938 937 941 955 927 920 941 967 943 916 959 953 915 906 946 955 923 949 952 959 954 953 -1 -3 13 26 9 2 25 35 8 -7 18 45 3 8 40 55 6 7 25 10 1 1 3 7 1
951 934 938 953 892 933 907 936 899 916 912 948 947 925 904 934 891 947 936 957 940 955 952 958 3 23 13 10 58 24 45 19 50 44 49 13 15 36 51 27 61 15 12 2 13 5 5 2 1
933 937 949 959 842 926 924 948 845 910 948 956 925 940 944 943 893 957 946 958 919 954 955 959 21 20 2 4 108 31 28 7 104 50 13 5 37 21 11 18 59 5 2 1 34 6 2 1 1
934 938 950 960 838 925 931 949 820 897 952 955 924 938 947 945 936 961 947 958 922 956 955 959 20 19 1 3 112 32 21 6 129 63 9 6 38 23 8 16 16 1 1 1 31 4 2 1 1
942 922 939 959 839 922 928 950 813 921 957 957 926 941 948 947 904 950 942 958 913 956 956 959 12 35 12 4 111 35 24 5 136 39 4 4 36 20 7 14 48 12 6 1 40 4 1 1 1
953 962 931 948 910 934 894 936 889 885 905 949 955 940 906 935 935 956 929 955 947 953 947 955 1 -5 20 15 40 23 58 19 60 75 56 12 7 21 49 26 17 6 19 4 6 7 10 5 1
954 935 929 950 913 934 893 936 900 907 884 947 956 937 909 936 939 953 936 958 944 953 947 957 0 22 22 13 37 23 59 19 49 53 77 14 6 24 46 25 13 9 12 1 9 7 10 3 1
954 952 935 938 930 952 916 893 920 950 942 908 958 960 941 913 941 961 946 950 949 956 950 943 0 5 16 25 20 5 36 62 29 10 19 53 4 1 14 48 11 1 2 9 4 4 7 17 1
954 953 934 930 932 953 904 900 925 934 888 934 958 953 905 915 941 959 935 948 950 957 951 946 0 4 17 33 18 4 48 55 24 26 73 27 4 8 50 46 11 3 13 11 3 3 6 14 1
954 961 937 943 932 949 906 909 927 926 898 936 958 935 875 923 934 953 933 958 916 953 954 958 0 -4 14 20 18 8 46 46 22 34 63 25 4 26 80 38 18 9 15 1 37 7 3 2 1
948 935 941 959 873 922 914 946 881 901 912 948 956 923 876 928 943 955 931 953 951 958 951 947 6 22 10 4 77 35 38 9 68 59 49 13 6 38 79 33 9 7 17 6 2 2 6 13 1
951 935 942 961 876 911 896 943 873 903 931 951 952 939 925 943 878 936 923 957 918 952 951 958 3 22 9 2 74 46 56 12 76 57 30 10 10 22 30 18 74 26 25 2 35 8 6 2 1
948 951 948 957 890 951 928 935 882 905 921 951 949 893 873 933 939 949 926 957 952 954 946 954 6 6 3 6 60 6 24 20 67 55 40 10 13 68 82 28 13 13 22 2 1 6 11 6 2
953 982 950 961 930 953 944 948 890 916 930 952 942 871 855 926 902 943 906 947 939 954 952 956 1 -25 1 2 20 4 8 7 59 44 31 9 20 90 100 35 50 19 42 12 14 6 5 4 2
947 898 907 943 874 916 869 924 883 927 935 947 956 952 944 941 941 959 945 958 950 959 955 958 7 59 44 20 76 41 83 31 66 33 26 14 6 9 11 20 11 3 3 1 3 1 2 2 2
927 901 904 932 890 923 878 934 919 943 951 956 958 955 943 947 941 951 916 954 950 957 954 958 27 56 47 31 60 34 74 21 30 17 10 5 4 6 12 14 11 11 32 5 3 3 3 2 2
953 957 951 958 938 953 941 945 934 950 959 953 959 960 944 945 942 960 945 957 950 960 956 959 1 0 0 5 12 4 11 10 15 10 2 8 3 1 11 16 10 2 3 2 3 0 1 1 0
954 957 952 959 939 953 944 947 935 955 959 954 959 960 945 947 942 960 946 958 950 959 957 959 0 0 -1 4 11 4 8 8 14 5 2 7 3 1 10 14 10 2 2 1 3 1 0 1 0
954 958 952 959 940 953 945 947 935 956 960 955 959 960 945 948 943 961 946 958 950 960 957 959 0 -1 -1 4 10 4 7 8 14 4 1 6 3 1 10 13 9 1 2 1 3 0 0 1 0
957 958 952 960 960 955 948 960 956 957 961 957 960 960 946 954 957 962 947 958 950 959 957 959 0 0 0 0 -1 -1 0 1 -1 1 -1 -1 0 0 1 -1 0 0 0 0 0 0 0 0 0
957 958 953 960 960 955 948 960 956 957 960 956 960 960 946 954 957 962 947 958 951 959 957 959 0 0 -1 0 -1 -1 0 1 -1 1 0 0 0 0 1 -1 0 0 0 0 -1 0 0 0 0
957 958 952 961 960 955 948 960 956 957 961 957 960 960 947 954 957 962 947 958 950 959 957 959 0 0 0 -1 -1 -1 0 1 -1 1 -1 -1 0 0 0 -1 0 0 0 0 0 0 0 0 0
952 929 934 955 891 908 870 945 894 873 876 945 951 888 847 928 951 949 925 957 928 953 949 953 5 29 18 5 68 46 78 16 61 85 84 11 9 72 100 25 6 13 22 1 22 6 8 6 1
910 923 951 964 836 910 935 961 835 875 953 956 895 922 943 943 900 958 946 959 916 958 955 960 47 35 1 -4 123 44 13 0 120 83 7 0 65 38 4 10 57 4 1 -1 34 1 2 -1 1
955 945 913 914 944 957 902 894 940 947 908 875 957 947 863 897 955 949 912 951 952 956 946 951 2 13 39 46 15 -3 46 67 15 11 52 81 3 13 84 56 2 13 35 7 -2 3 11 8 1
950 909 892 936 947 942 864 923 945 926 846 928 956 916 845 924 927 931 918 958 943 949 948 958 7 49 60 24 12 12 84 38 10 32 114 28 4 44 102 29 30 31 29 0 7 10 9 1 1
956 960 938 938 949 954 888 874 944 947 914 911 958 959 885 857 956 961 936 937 954 959 955 946 1 -2 14 22 10 0 60 87 11 11 46 45 2 1 62 96 1 1 11 21 -4 0 2 13 1
952 908 922 949 897 900 861 945 912 856 916 949 954 892 857 932 956 949 906 949 954 953 941 950 5 50 30 11 62 54 87 16 43 102 44 7 6 68 90 21 1 13 41 9 -4 6 16 9 1
917 870 935 962 835 906 921 959 818 908 961 955 900 922 947 945 874 936 939 958 899 953 954 959 40 88 17 -2 124 48 27 2 137 50 -1 1 60 38 0 8 83 26 8 0 51 6 3 0 1
950 922 931 953 876 888 857 944 873 842 892 950 936 890 889 943 918 950 928 958 912 953 946 954 7 36 21 7 83 66 91 17 82 116 68 6 24 70 58 10 39 12 19 0 38 6 11 5 1
932 937 953 962 823 922 931 958 812 871 949 955 895 910 941 947 916 952 943 959 916 955 951 958 25 21 -1 -2 136 32 17 3 143 87 11 1 65 50 6 6 41 10 4 -1 34 4 6 1 1
955 1005 918 922 929 946 863 895 924 933 874 882 954 951 905 900 939 958 933 948 949 954 948 947 2 -47 34 38 30 8 85 66 31 25 86 74 6 9 42 53 18 4 14 10 1 5 9 12 1
945 934 941 961 878 905 873 945 892 886 873 941 954 905 794 915 933 945 916 951 953 953 946 950 12 24 11 -1 81 49 75 16 63 72 87 15 6 55 153 38 24 17 31 7 -3 6 11 9 1
955 946 936 943 907 930 857 921 882 876 872 937 938 860 855 931 926 949 927 958 923 952 952 958 2 12 16 17 52 24 91 40 73 82 88 19 22 100 92 22 31 13 20 0 27 7 5 1 1
911 894 899 943 860 909 890 950 877 885 926 953 934 909 898 939 897 937 914 955 941 956 951 957 46 64 53 17 99 45 58 11 78 73 34 3 26 51 49 14 60 25 33 3 9 3 6 2 1
955 959 952 962 934 954 945 959 926 924 937 950 944 829 753 923 903 920 896 948 926 928 929 948 2 -1 0 -2 25 0 3 2 29 34 23 6 16 131 194 30 54 42 51 10 24 31 28 11 2
948 960 955 952 907 952 945 937 881 870 876 943 942 868 826 926 934 951 924 958 953 953 944 954 9 -2 -3 8 52 2 3 24 74 88 84 13 18 92 121 27 23 11 23 0 -3 6 13 5 2
935 950 951 937 878 878 851 939 877 854 880 948 956 950 940 944 936 953 939 959 939 946 946 957 22 8 1 23 81 76 97 22 78 104 80 8 4 10 7 9 21 9 8 -1 11 13 11 2 2
955 954 951 961 886 885 862 946 859 813 837 944 934 935 916 942 934 956 931 955 950 960 952 958 2 4 1 -1 73 69 86 15 96 145 123 12 26 25 31 11 23 6 16 3 0 -1 5 1 2
955 960 954 961 947 953 944 957 930 999 959 955 957 960 948 946 937 961 945 959 950 960 954 959 2 -2 -2 -1 12 1 4 4 25 -41 1 1 3 0 -1 7 20 1 2 -1 0 -1 3 0 0
955 960 954 961 949 954 945 958 941 999 959 955 958 960 948 947 938 961 946 959 950 961 954 959 2 -2 -2 -1 10 0 3 3 14 -41 1 1 2 0 -1 6 19 1 1 -1 0 -2 3 0 0
955 960 954 962 949 954 947 958 944 1000 960 956 958 960 949 948 939 961 946 959 950 961 954 959 2 -2 -2 -2 10 0 1 3 11 -42 0 0 2 0 -2 5 18 1 1 -1 0 -2 3 0 0
956 961 954 963 951 954 948 959 947 1000 960 956 958 960 950 950 940 961 947 959 951 960 955 959 1 -3 -2 -3 8 0 0 2 8 -42 0 0 2 0 -3 3 17 1 0 -1 -1 -1 2 0 0
947 903 920 954 888 900 864 945 894 846 847 943 953 922 901 935 939 951 932 959 927 954 946 952 10 55 32 6 71 54 84 16 61 112 113 13 7 38 46 18 18 11 15 -1 23 5 11 7 1
915 926 950 966 820 919 931 958 792 894 957 954 931 951 949 946 941 961 946 960 916 956 952 958 42 32 2 -6 139 35 17 3 163 64 3 2 29 9 -2 7 16 1 1 -2 34 3 5 1 1
956 1005 929 940 936 945 867 890 919 930 870 882 958 948 868 891 934 959 936 955 953 958 947 954 1 -47 23 20 23 9 81 71 36 28 90 74 2 12 79 62 23 3 11 3 -3 1 10 5 1
928 875 918 963 909 903 867 956 921 854 897 953 929 868 922 945 874 936 937 960 918 955 951 959 29 83 34 -3 50 51 81 5 34 104 63 3 31 92 25 8 83 26 10 -2 32 4 6 0 1
892 922 950 966 832 916 940 959 817 893 957 955 889 936 942 946 898 956 946 960 909 958 954 959 65 36 2 -6 127 38 8 2 138 65 3 1 71 24 5 7 59 6 1 -2 41 1 3 0 1
943 912 886 941 935 944 874 915 922 940 890 894 956 950 857 899 933 953 899 943 948 960 945 942 14 46 66 19 24 10 74 46 33 18 70 62 4 10 90 54 24 9 48 15 2 -1 12 17 1
891 924 949 966 839 932 945 959 802 902 959 954 903 913 941 941 896 938 932 959 911 953 952 959 66 34 3 -6 120 22 3 2 153 56 1 2 57 47 6 12 61 24 15 -1 39 6 5 0 1
935 863 898 956 880 901 882 954 871 822 914 952 951 921 885 932 926 952 913 952 943 955 948 956 22 95 54 4 79 53 66 7 84 136 46 4 9 39 62 21 31 10 34 6 7 4 9 3 1
944 956 929 926 934 950 877 893 920 930 845 903 956 954 886 882 930 961 942 939 950 962 952 944 13 2 23 34 25 4 71 68 35 28 115 53 4 6 61 71 27 1 5 19 0 -3 5 15 1
930 936 945 965 855 893 900 955 867 857 896 947 946 879 828 925 929 945 923 954 947 953 946 949 27 22 7 -5 104 61 48 6 88 101 64 9 14 81 119 28 28 17 24 4 3 6 11 10 1
946 941 932 946 899 920 848 922 876 847 878 939 933 875 885 933 915 950 934 959 912 954 951 958 11 17 20 14 60 34 100 39 79 111 82 17 27 85 62 20 42 12 13 -1 38 5 6 1 1
920 894 882 946 872 915 887 951 888 884 921 953 932 902 895 935 887 934 911 954 939 957 951 958 37 64 70 14 87 39 61 10 67 74 39 3 28 58 52 18 70 28 36 4 11 2 6 1 1
945 959 954 953 882 946 926 941 873 830 809 941 953 918 887 932 934 956 933 959 950 953 943 954 12 -1 -2 7 77 8 22 20 82 128 151 15 7 42 60 21 23 6 14 -1 0 6 14 5 2
948 959 954 965 931 943 934 957 897 839 836 942 942 881 860 918 903 936 908 943 933 954 951 955 9 -1 -2 -5 28 11 14 4 58 119 124 14 18 79 87 35 54 26 39 15 17 5 6 4 2
923 939 942 939 871 841 808 939 885 898 918 949 957 952 933 942 927 945 929 959 923 950 949 959 34 19 10 21 88 113 140 22 70 60 42 7 3 8 14 11 30 17 18 -1 27 9 8 0 2
947 944 946 965 874 840 805 945 864 867 858 933 930 923 917 926 922 955 943 959 947 959 954 959 10 14 6 -5 85 114 143 16 91 91 102 23 30 37 30 27 35 7 4 -1 3 0 3 0 2
948 960 955 962 946 949 940 955 923 951 960 954 957 959 944 943 936 960 946 959 948 961 955 960 9 -2 -3 -2 13 5 8 6 32 7 0 2 3 1 3 10 21 2 1 -1 2 -2 2 -1 0
948 960 955 962 947 949 941 955 924 952 960 954 958 960 944 943 937 961 946 959 948 960 955 959 9 -2 -3 -2 12 5 7 6 31 6 0 2 2 0 3 10 20 1 1 -1 2 -1 2 0 0
948 960 955 962 947 949 942 955 925 952 960 955 958 959 944 944 937 960 947 959 948 960 956 960 9 -2 -3 -2 12 5 6 6 30 6 0 1 2 1 3 9 20 2 0 -1 2 -1 1 -1 0
962 961 956 951 951 950 945 958 959 954 961 956 958 960 946 961 956 961 947 959 963 960 956 960 0 0 0 0 -1 0 0 -1 -1 0 0 0 0 0 -1 -1 0 0 0 0 0 0 0 0 0
962 961 956 951 951 950 945 958 959 954 961 956 959 960 946 960 956 961 947 959 963 960 956 960 0 0 0 0 -1 0 0 -1 -1 0 0 0 -1 0 -1 0 0 0 0 0 0 0 0 0 0
962 961 956 952 951 950 945 958 960 954 961 956 958 960 945 961 956 961 947 960 963 960 956 960 0 0 0 -1 -1 0 0 -1 -2 0 0 0 0 0 0 -1 0 0 0 -1 0 0 0 0 0
959 934 937 951 901 925 903 953 909 879 912 951 957 938 926 958 958 953 936 960 960 954 948 956 3 27 19 0 49 25 42 4 49 75 49 5 1 22 19 2 -2 8 11 -1 3 6 8 4 1
938 929 946 955 890 926 920 959 897 877 939 956 935 929 941 962 920 956 947 960 938 959 954 959 24 32 10 -4 60 24 25 -2 61 77 22 0 23 31 4 -2 36 5 0 -1 25 1 2 1 1
957 933 929 944 929 938 899 946 938 922 893 946 954 937 915 955 946 949 936 960 959 957 950 958 5 28 27 7 21 12 46 11 20 32 68 10 4 23 30 5 10 12 11 -1 4 3 6 2 1
960 954 937 923 942 950 925 920 944 947 937 905 959 956 921 927 955 959 932 951 963 959 955 952 2 7 19 28 8 0 20 37 14 7 24 51 -1 4 24 33 1 2 15 8 0 1 1 8 1
940 941 953 954 853 939 943 959 855 907 957 955 917 931 945 959 949 955 946 960 935 957 955 959 22 20 3 -3 97 11 2 -2 103 47 4 1 41 29 0 1 7 6 1 -1 28 3 1 1 1
958 930 935 949 898 925 912 957 909 889 927 954 955 935 913 955 956 957 929 955 965 957 947 954 4 31 21 2 52 25 33 0 49 65 34 2 3 25 32 5 0 4 18 4 -2 3 9 6 1
962 953 934 929 940 946 909 928 940 945 930 915 958 959 927 912 957 962 945 947 965 960 953 949 0 8 22 22 10 4 36 29 18 9 31 41 0 1 18 48 -1 -1 2 12 -2 0 3 11 1
963 957 937 924 946 947 913 917 948 950 933 910 960 958 929 927 958 962 944 953 963 958 950 945 -1 4 19 27 4 3 32 40 10 4 28 46 -2 2 16 33 -2 -1 3 6 0 2 6 15 1
944 943 954 951 851 933 934 957 857 887 952 954 927 935 944 956 953 958 948 959 938 956 953 958 18 18 2 0 99 17 11 0 101 67 9 2 31 25 1 4 3 3 -1 0 25 4 3 2 1
941 941 953 953 854 927 930 958 882 893 942 954 946 933 929 957 959 958 938 957 964 957 948 948 21 20 3 -2 96 23 15 -1 76 61 19 2 12 27 16 3 -3 3 9 2 -1 3 8 12 1
962 954 938 929 934 940 906 931 926 931 903 942 956 942 927 951 958 953 940 960 938 955 952 958 0 7 18 22 16 10 39 26 32 23 58 14 2 18 18 9 -2 8 7 -1 25 5 4 2 1
957 941 931 942 902 929 898 947 935 924 935 951 954 943 919 954 930 941 923 958 956 957 952 958 5 20 25 9 48 21 47 10 23 30 26 5 4 17 26 6 26 20 24 1 7 3 4 2 1
962 955 952 953 914 933 910 951 902 861 861 940 953 933 904 940 958 960 942 958 965 959 955 958 0 6 4 -2 36 17 35 6 56 93 100 16 5 27 41 20 -2 1 5 1 -2 1 1 2 2
950 945 950 946 888 926 890 945 915 890 879 944 959 949 930 952 958 953 934 959 961 956 951 957 12 16 6 5 62 24 55 12 43 64 82 12 -1 11 15 8 -2 8 13 0 2 4 5 3 2
961 957 952 953 939 950 943 958 944 947 958 954 952 940 923 953 917 871 854 950 930 944 934 950 1 4 4 -2 11 0 2 -1 14 7 3 2 6 20 22 7 39 90 93 9 33 16 22 10 2
959 957 953 952 876 947 931 936 900 905 922 943 951 924 905 946 953 952 932 959 960 953 946 955 3 4 3 -1 74 3 14 21 58 49 39 13 7 36 40 14 3 9 15 0 3 7 10 5 2
961 957 953 954 945 950 945 957 944 956 958 953 957 957 943 955 956 961 945 959 964 959 955 958 1 4 3 -3 5 0 0 0 14 -2 3 3 1 3 2 5 0 0 2 0 -1 1 1 2 0
961 957 953 954 947 950 946 958 946 953 958 954 958 958 944 957 956 961 946 959 964 960 955 958 1 4 3 -3 3 0 -1 -1 12 1 3 2 0 2 1 3 0 0 1 0 -1 0 1 2 0
962 957 953 954 948 951 947 958 947 953 959 954 958 959 944 958 957 961 946 959 964 960 956 958 0 4 3 -3 2 -1 -2 -1 11 1 2 2 0 1 1 2 -1 0 1 0 -1 0 0 2 0
955 926 930 947 894 922 906 952 903 877 919 951 959 949 935 958 957 952 935 959 960 954 948 955 7 35 26 4 56 28 39 5 55 77 42 5 -1 11 10 2 -1 9 12 0 3 6 8 5 1
963 950 933 923 940 950 907 922 943 933 908 927 960 957 940 944 958 960 938 954 965 957 948 948 -1 11 23 28 10 0 38 35 15 21 53 29 -2 3 5 16 -2 1 9 5 -2 3 8 12 1
933 967 945 954 853 935 937 959 845 911 955 957 941 953 945 961 938 957 947 959 928 956 954 958 29 -6 11 -3 97 15 8 -2 113 43 6 -1 17 7 0 -1 18 4 0 0 35 4 2 2 1
931 924 944 955 878 921 930 960 865 909 951 957 927 946 945 962 921 957 948 960 943 959 955 958 31 37 12 -4 72 29 15 -3 93 45 10 -1 31 14 0 -2 35 4 -1 -1 20 1 1 2 1
954 935 926 941 932 938 902 943 935 925 894 942 955 943 915 950 954 950 934 960 957 957 949 956 8 26 30 10 18 12 43 14 23 29 67 14 3 17 30 10 2 11 13 -1 6 3 7 4 1
960 954 939 925 939 950 931 927 941 945 942 907 959 957 922 925 957 958 930 950 962 959 954 954 2 7 17 26 11 0 14 30 17 9 19 49 -1 3 23 35 -1 3 17 9 1 1 2 6 1
962 963 929 927 943 944 906 939 947 937 905 925 960 958 918 919 959 962 945 948 965 961 955 949 0 -2 27 24 7 6 39 18 11 17 56 31 -2 2 27 41 -3 -1 2 11 -2 -1 1 11 1
959 930 935 943 891 925 920 958 904 871 933 952 957 932 919 949 959 960 936 956 967 955 948 953 3 31 21 8 59 25 25 -1 54 83 28 4 1 28 26 11 -3 1 11 3 -4 5 8 7 1
937 939 950 951 851 942 946 959 833 907 959 955 933 944 941 957 960 959 946 959 948 955 953 957 25 22 6 0 99 8 -1 -2 125 47 2 1 25 16 4 3 -4 2 1 0 15 5 3 3 1
942 940 951 953 853 934 937 960 868 877 949 956 940 938 941 958 960 956 937 958 961 956 947 950 20 21 5 -2 97 16 8 -3 90 77 12 0 18 22 4 2 -4 5 10 1 2 4 9 10 1
962 958 944 934 929 949 913 925 934 914 900 938 955 939 910 945 959 954 938 960 936 955 951 958 0 3 12 17 21 1 32 32 24 40 61 18 3 21 35 15 -3 7 9 -1 27 5 5 2 1
956 933 936 948 891 929 912 951 921 918 938 951 952 941 920 954 911 943 925 959 946 955 952 959 6 28 20 3 59 21 33 6 37 36 23 5 6 19 25 6 45 18 22 0 17 5 4 1 1
963 958 952 954 939 949 944 959 918 916 947 952 939 875 875 947 918 932 903 953 965 957 952 958 -1 3 4 -3 11 1 1 -2 40 38 14 4 19 85 70 13 38 29 44 6 -2 3 4 2 2
962 958 953 953 879 947 931 941 887 903 934 943 951 913 903 950 952 951 932 959 960 954 947 956 0 3 3 -2 71 3 14 16 71 51 27 13 7 47 42 10 4 10 15 0 3 6 9 4 2
937 935 933 931 885 903 879 951 914 928 952 953 959 953 943 957 953 951 936 959 959 956 952 958 25 26 23 20 65 47 66 6 44 26 9 3 -1 7 2 3 3 10 11 0 4 4 4 2 2
962 943 945 950 874 881 863 949 885 888 923 948 959 955 943 957 957 960 946 960 964 959 955 958 0 18 11 1 76 69 82 8 73 66 38 8 -1 5 2 3 -1 1 1 -1 -1 1 1 2 2
963 959 953 947 945 949 945 958 945 953 964 955 960 960 944 959 958 961 947 959 964 960 956 959 -1 2 3 4 5 1 0 -1 13 1 -3 1 -2 0 1 1 -2 0 0 0 -1 0 0 1 0
963 959 953 947 946 949 945 958 947 953 964 955 960 960 945 959 958 961 947 959 964 960 956 959 -1 2 3 4 4 1 0 -1 11 1 -3 1 -2 0 0 1 -2 0 0 0 -1 0 0 1 0
963 959 953 948 946 949 946 959 949 953 964 955 960 960 945 959 958 961 947 959 963 960 955 959 -1 2 3 3 4 1 -1 -2 9 1 -3 1 -2 0 0 1 -2 0 0 0 0 0 1 1 0
953 959 953 963 951 951 948 960 962 955 956 957 961 960 951 963 960 961 948 959 951 960 956 960 0 0 0 -1 0 -1 0 0 0 0 0 0 0 0 -3 0 0 0 0 0 0 0 0 -1 0
952 959 953 963 951 950 948 960 962 955 957 957 961 960 951 963 960 961 948 959 951 960 956 959 1 0 0 -1 0 0 0 0 0 0 -1 0 0 0 -3 0 0 0 0 0 0 0 0 0 0
952 959 954 963 951 950 948 960 962 955 957 957 961 960 946 963 960 961 948 959 951 960 956 959 1 0 -1 -1 0 0 0 0 0 0 -1 0 0 0 2 0 0 0 0 0 0 0 0 0 0
953 977 924 937 951 948 890 912 961 939 910 902 961 958 926 928 961 961 936 947 953 957 949 944 0 -18 29 25 0 2 58 48 1 16 46 55 0 2 22 35 -1 0 12 12 -2 3 7 15 1
942 923 934 958 885 910 898 950 896 868 907 946 954 935 923 951 960 952 933 957 945 954 946 953 11 36 19 4 66 40 50 10 66 87 49 11 7 25 25 12 0 9 15 2 6 6 10 6 1
926 942 952 965 840 928 942 958 843 907 952 954 924 945 944 959 938 957 947 959 909 954 954 958 27 17 1 -3 111 22 6 2 119 48 4 3 37 15 4 4 22 4 1 0 42 6 2 1 1
901 917 945 966 844 930 939 959 848 893 954 955 930 928 943 961 948 945 933 960 929 952 951 958 52 42 8 -4 107 20 9 1 114 62 2 2 31 32 5 2 12 16 15 -1 22 8 5 1 1
944 918 906 953 915 925 874 948 918 902 931 955 956 929 901 959 958 949 906 951 950 956 947 954 9 41 47 9 36 25 74 12 44 53 25 2 5 31 47 4 2 12 42 8 1 4 9 5 1
951 953 929 928 939 950 904 907 941 938 914 932 959 956 907 916 960 961 936 933 952 960 956 947 2 6 24 34 12 0 44 53 21 17 42 25 2 4 41 47 0 0 12 26 -1 0 0 12 1
952 950 922 933 940 949 903 906 944 944 933 899 960 955 914 922 960 953 920 951 952 955 947 952 1 9 31 29 11 1 45 54 18 11 23 58 1 5 34 41 0 8 28 8 -1 5 9 7 1
940 908 936 962 881 911 888 952 926 909 872 944 958 931 906 950 946 942 929 958 941 953 950 958 13 51 17 0 70 39 60 8 36 46 84 13 3 29 42 13 14 19 19 1 10 7 6 1 1
915 933 952 964 835 919 935 958 864 874 946 954 920 932 938 957 908 953 946 959 911 957 954 958 38 26 1 -2 116 31 13 2 98 81 10 3 41 28 10 6 52 8 2 0 40 3 2 1 1
923 921 943 965 847 900 909 958 894 883 886 947 957 943 926 950 954 959 933 948 950 958 948 945 30 38 10 -3 104 50 39 2 68 72 70 10 4 17 22 13 6 2 15 11 1 2 8 14 1
951 945 932 944 927 934 870 918 916 891 864 940 956 937 914 948 953 952 938 959 913 952 949 957 2 14 21 18 24 16 78 42 46 64 92 17 5 23 34 15 7 9 10 0 38 8 7 2 1
927 931 937 955 877 923 894 952 900 917 916 949 937 946 903 946 927 951 919 952 939 958 951 956 26 28 16 7 74 27 54 8 62 38 40 8 24 14 45 17 33 10 29 7 12 2 5 3 1
947 957 953 965 880 946 941 946 889 917 935 934 941 862 873 946 938 944 924 957 942 952 945 953 6 2 0 -3 71 4 7 14 73 38 21 23 20 98 75 17 22 17 24 2 9 8 11 6 2
950 958 953 967 937 951 946 959 920 918 936 952 938 831 834 946 902 911 905 951 939 956 954 960 3 1 0 -5 14 -1 2 1 42 37 20 5 23 129 114 17 58 50 43 8 12 4 2 -1 2
932 948 942 945 870 910 892 950 887 874 904 949 958 950 939 958 947 949 929 957 942 953 946 955 21 11 11 17 81 40 56 10 75 81 52 8 3 10 9 5 13 12 19 2 9 7 10 4 2
951 956 951 964 891 907 889 950 878 839 863 941 942 925 923 952 952 958 945 959 950 957 953 958 2 3 2 -2 60 43 59 10 84 116 93 16 19 35 25 11 8 3 3 0 1 3 3 1 2
951 958 954 959 948 950 942 958 939 978 954 954 959 959 943 957 954 960 946 958 950 960 955 959 2 1 -1 3 3 0 6 2 23 -23 2 3 2 1 5 6 6 1 2 1 1 0 1 0 0
951 959 954 960 949 950 944 958 941 970 955 955 959 960 949 958 954 960 947 959 950 960 956 959 2 0 -1 2 2 0 4 2 21 -15 1 2 2 0 -1 5 6 1 1 0 1 0 0 0 0
951 959 954 960 950 950 946 959 942 969 955 955 960 960 949 959 955 960 946 959 950 960 956 959 2 0 -1 2 1 0 2 1 20 -14 1 2 1 0 -1 4 5 1 2 0 1 0 0 0 0
953 955 939 948 948 945 899 905 957 941 926 911 961 957 911 908 957 961 934 946 954 959 949 943 0 4 14 14 3 5 49 55 5 14 30 46 0 3 37 55 3 0 14 13 -3 1 7 16 1
943 929 933 957 888 913 885 948 913 883 874 944 957 932 909 942 957 953 932 955 948 953 945 949 10 30 20 5 63 37 63 12 49 72 82 13 4 28 39 21 3 8 16 4 3 7 11 10 1
920 930 946 965 836 916 928 959 844 874 946 954 929 939 943 954 931 953 943 959 911 954 952 957 33 29 7 -3 115 34 20 1 118 81 10 3 32 21 5 9 29 8 5 0 40 6 4 2 1
906 899 940 966 856 920 929 959 852 877 948 955 945 925 933 955 944 946 925 958 946 954 949 956 47 60 13 -4 95 30 19 1 110 78 8 2 16 35 15 8 16 15 23 1 5 6 7 3 1
945 918 904 952 900 922 882 950 918 882 912 955 959 930 896 954 952 952 912 950 951 957 949 952 8 41 49 10 51 28 66 10 44 73 44 2 2 30 52 9 8 9 36 9 0 3 7 7 1
951 951 930 928 936 948 899 908 942 934 906 934 960 955 902 921 954 959 930 935 951 960 954 945 2 8 23 34 15 2 49 52 20 21 50 23 1 5 46 42 6 2 18 24 0 0 2 14 1
947 936 930 949 885 917 870 943 878 850 920 950 945 929 936 958 925 953 945 959 906 954 955 959 6 23 23 13 66 33 78 17 84 105 36 7 16 31 12 5 35 8 3 0 45 6 1 0 1
952 947 918 930 940 950 905 902 946 998 939 898 961 960 920 913 954 957 924 944 948 959 950 949 1 12 35 32 11 0 43 58 16 -43 17 59 0 0 28 50 6 4 24 15 3 1 6 10 1
944 909 921 956 904 920 872 947 946 923 856 939 961 939 894 943 950 945 923 956 945 954 947 955 9 50 32 6 47 30 76 13 16 32 100 18 0 21 54 20 10 16 25 3 6 6 9 4 1
913 936 952 964 836 922 938 958 853 875 949 953 917 939 941 955 921 957 946 959 916 959 955 958 40 23 1 -2 115 28 10 2 109 80 7 4 44 21 7 8 39 4 2 0 35 1 1 1 1
929 921 939 963 863 901 898 954 899 887 876 943 958 944 920 944 953 959 933 947 950 959 950 945 24 38 14 -1 88 49 50 6 63 68 80 14 3 16 28 19 7 2 15 12 1 1 6 14 1
939 927 930 951 878 914 910 946 870 911 943 947 926 942 924 936 906 949 936 955 925 956 954 958 14 32 23 11 73 36 38 14 92 44 13 10 35 18 24 27 54 12 12 4 26 4 2 1 1
950 957 953 964 896 946 935 941 870 919 933 933 942 875 869 944 933 942 920 957 941 950 943 953 3 2 0 -2 55 4 13 19 92 36 23 24 19 85 79 19 27 19 28 2 10 10 13 6 2
951 957 952 966 943 952 948 959 945 927 943 955 936 832 863 951 893 902 884 948 935 954 950 956 2 2 1 -4 8 -2 0 1 17 28 13 2 25 128 85 12 67 59 64 11 16 6 6 3 2
923 946 947 945 872 921 902 937 892 872 904 948 953 946 938 958 937 948 928 957 937 953 948 956 30 13 6 17 79 29 46 23 70 83 52 9 8 14 10 5 23 13 20 2 14 7 8 3 2
952 959 954 964 898 923 915 954 868 809 864 947 936 916 885 944 947 955 936 957 950 959 955 959 1 0 -1 -2 53 27 33 6 94 146 92 10 25 44 63 19 13 6 12 2 1 1 1 0 2
951 958 954 961 948 949 942 957 936 948 954 954 958 959 942 956 951 960 946 958 949 959 956 959 2 1 -1 1 3 1 6 3 26 7 2 3 3 1 6 7 9 1 2 1 2 1 0 0 0
952 958 953 963 950 950 945 958 939 950 955 955 958 959 943 958 951 960 946 958 949 959 956 959 1 1 0 -1 1 0 3 2 23 5 1 2 3 1 5 5 9 1 2 1 2 1 0 0 0
952 957 954 963 950 950 946 959 940 951 956 955 958 959 943 959 952 960 946 958 949 960 956 959 1 2 -1 -1 1 0 2 1 22 4 0 2 3 1 5 4 8 1 2 1 2 0 0 0 0
959 930 957 964 949 930 925 956 959 956 963 961 960 963 955 961 954 949 952 956 951 962 961 955 -1 0 0 -1 0 0 0 0 0 1 0 -1 1 -1 0 0 0 0 0 0 0 -1 0 0 0
960 918 956 962 955 928 956 959 959 1003 961 951 964 962 950 948 946 948 952 952 951 961 961 955 1 12 2 -1 5 7 1 0 2 -42 1 2 -1 0 3 3 9 0 0 3 10 0 0 -1 0
961 920 957 960 961 934 957 960 964 962 962 953 965 962 953 953 955 949 952 954 958 962 960 954 0 10 1 1 -1 1 0 -1 -3 -1 0 0 -2 0 0 -2 0 -1 0 1 3 -1 1 0 0
962 919 956 962 961 927 955 959 947 961 960 953 949 962 952 953 946 948 951 954 958 962 960 955 -1 42 1 -2 1 7 2 1 2 1 2 0 1 0 1 0 10 1 1 0 0 0 0 0 0
962 960 957 963 950 934 957 960 950 962 961 953 951 963 953 953 953 949 952 955 960 962 960 956 0 0 0 0 -1 0 0 0 0 0 0 0 0 0 0 0 -1 0 0 0 0 0 0 0 0
955 940 948 962 870 894 929 954 859 903 935 948 918 888 929 949 931 934 935 956 948 956 955 953 7 20 9 1 79 40 28 6 91 59 26 5 33 75 24 4 21 15 17 -1 12 6 5 3 1
963 988 947 941 930 926 918 907 945 949 930 908 949 953 891 877 953 942 926 940 963 960 956 950 -1 -28 10 22 19 8 39 53 5 13 31 45 2 10 62 76 -1 7 26 15 -3 2 4 6 1
959 959 958 962 864 916 954 956 822 931 954 952 882 936 951 945 897 933 948 955 942 960 960 956 3 1 -1 1 85 18 3 4 128 31 7 1 69 27 2 8 55 16 4 0 18 2 0 0 1
955 952 955 962 868 886 932 958 866 908 945 953 926 889 925 947 943 924 911 944 960 958 953 939 7 8 2 1 81 48 25 2 84 54 16 0 25 74 28 6 9 25 41 11 0 4 7 17 1
963 961 952 946 931 927 928 887 944 955 930 911 947 954 907 887 949 948 930 927 962 962 958 938 -1 -1 5 17 18 7 29 73 6 7 31 42 4 9 46 66 3 1 22 28 -2 0 2 18 1
937 961 960 962 819 914 955 956 833 928 959 952 889 943 950 947 921 946 951 954 940 962 961 954 25 -1 -3 1 130 20 2 4 117 34 2 1 62 20 3 6 31 3 1 1 20 0 -1 2 1
948 936 948 962 869 898 916 956 906 923 922 948 943 924 893 936 927 903 914 953 945 950 954 954 14 24 9 1 80 36 41 4 44 39 39 5 8 39 60 17 25 46 38 2 15 12 6 2 1
962 953 938 935 928 921 921 900 941 961 946 904 948 962 939 879 950 947 926 922 962 960 953 936 0 7 19 28 21 13 36 60 9 1 15 49 3 1 14 74 2 2 26 33 -2 2 7 20 1
937 949 957 960 823 911 951 956 840 948 961 951 896 948 950 945 899 934 948 953 914 956 959 953 25 11 0 3 126 23 6 4 110 14 0 2 55 15 3 8 53 15 4 2 46 6 1 3 1
947 973 957 962 848 912 943 957 843 909 944 953 922 873 910 943 923 921 924 953 961 958 956 952 15 -13 0 1 101 22 14 3 107 53 17 0 29 90 43 10 29 28 28 2 -1 4 4 4 1
962 955 947 956 902 917 913 941 886 918 920 939 925 872 918 935 909 920 927 954 932 956 959 955 0 5 10 7 47 17 44 19 64 44 41 14 26 91 35 18 43 29 25 1 28 6 1 1 1
941 946 947 957 876 895 914 955 877 896 927 950 933 935 939 947 893 925 921 951 924 956 954 954 21 14 10 6 73 39 43 5 73 66 34 3 18 28 14 6 59 24 31 4 36 6 6 2 1
958 968 955 958 867 913 937 945 878 915 927 945 936 871 879 933 945 931 929 954 960 954 954 952 4 -8 2 5 82 21 20 15 72 47 34 8 15 92 74 20 7 18 23 1 0 8 6 4 2
961 969 957 962 926 931 953 956 905 923 932 947 930 851 861 930 900 916 913 943 949 957 956 949 1 -9 0 1 23 3 4 4 45 39 29 6 21 112 92 23 52 33 39 12 11 5 4 7 2
952 905 929 956 845 849 872 941 854 925 928 937 948 958 949 939 947 946 951 954 960 961 959 954 10 55 28 7 104 85 85 19 96 37 33 16 3 5 4 14 5 3 1 1 0 1 1 2 2
936 891 918 948 863 868 880 946 913 946 949 950 948 956 948 947 942 934 932 951 957 959 959 954 26 69 39 15 86 66 77 14 37 16 12 3 3 7 5 6 10 15 20 4 3 3 1 2 2
959 960 957 958 928 923 948 954 945 958 959 951 950 962 955 949 949 946 951 954 961 962 960 954 3 0 0 5 21 11 9 6 5 4 2 2 1 1 -2 4 3 3 1 1 -1 0 0 2 0
959 966 957 959 930 924 949 955 947 959 960 951 950 962 956 950 950 946 951 954 961 962 960 954 3 -6 0 4 19 10 8 5 3 3 1 2 1 1 -3 3 2 3 1 1 -1 0 0 2 0
941 942 943 945 867 871 902 952 867 892 919 948 950 953 947 951 940 938 938 955 950 953 953 953 21 18 14 18 82 63 55 8 83 70 42 5 1 10 6 2 12 11 14 0 10 9 7 3 2
959 953 954 959 860 861 898 953 831 881 912 947 932 945 934 943 947 944 943 954 959 960 960 954 3 7 3 4 89 73 59 7 119 81 49 6 19 18 19 10 5 5 9 1 1 2 0 2 2
961 995 957 960 920 921 947 956 879 879 907 947 920 903 907 933 898 918 912 942 955 958 959 952 1 -35 0 3 29 13 10 4 71 83 54 6 31 60 46 20 54 31 40 13 5 4 1 4 2
958 952 951 958 880 911 924 951 878 870 900 947 937 912 911 937 944 936 934 953 952 955 951 949 4 8 6 5 69 23 33 9 72 92 61 6 14 51 42 16 8 13 18 2 8 7 9 7 2
949 929 934 954 876 898 907 947 870 864 895 945 942 937 934 942 949 939 939 954 944 955 953 949 13 31 23 9 73 36 50 13 80 98 66 8 9 26 19 11 3 10 13 1 16 7 7 7 1
912 945 958 961 839 918 954 957 828 930 960 954 907 952 951 951 909 945 951 955 925 960 960 954 50 15 -1 2 110 16 3 3 122 32 1 -1 44 11 2 2 43 4 1 0 35 2 0 2 1
959 989 934 912 928 927 928 894 928 957 945 920 949 962 946 899 950 948 945 924 959 962 960 939 3 -29 23 51 21 7 29 66 22 5 16 33 2 1 7 54 2 1 7 31 1 0 0 17 1
961 929 919 941 887 895 899 940 866 886 935 948 943 930 929 938 951 934 925 950 957 955 956 954 1 31 38 22 62 39 58 20 84 76 26 5 8 33 24 15 1 15 27 5 3 7 4 2 1
927 945 957 958 837 916 951 955 829 980 960 952 902 944 948 948 904 934 947 954 928 960 960 954 35 15 0 5 112 18 6 5 121 -18 1 1 49 19 5 5 48 15 5 1 32 2 0 2 1
945 922 942 958 856 874 923 956 887 904 930 951 936 909 934 948 901 925 938 955 915 953 958 956 17 38 15 5 93 60 34 4 63 58 31 2 15 54 19 5 51 24 14 0 45 9 2 0 1
958 950 935 927 928 923 927 902 927 958 946 900 949 962 936 879 946 944 928 932 961 960 954 937 4 10 22 36 21 11 30 58 23 4 15 53 2 1 17 74 6 5 24 23 -1 2 6 19 1
960 959 947 939 934 922 924 902 942 958 943 903 950 961 936 869 949 947 943 938 962 961 961 949 2 1 10 24 15 12 33 58 8 4 18 50 1 2 17 84 3 2 9 17 -2 1 -1 7 1
949 989 958 958 848 913 952 955 829 929 957 950 881 930 950 936 899 935 948 952 938 962 960 954 13 -29 -1 5 101 21 5 5 121 33 4 3 70 33 3 17 53 14 4 3 22 0 0 2 1
950 993 958 960 854 915 951 957 840 916 945 951 923 872 914 935 930 926 928 950 961 959 957 942 12 -33 -1 3 95 19 6 3 110 46 16 2 28 91 39 18 22 23 24 5 -1 3 3 14 1
960 954 950 950 881 899 907 942 848 894 934 945 889 898 943 942 922 938 947 954 941 962 960 954 2 6 7 13 68 35 50 18 102 68 27 8 62 65 10 11 30 11 5 1 19 0 0 2 1
946 950 950 960 866 891 926 957 868 885 932 951 934 930 934 940 911 919 917 949 938 955 954 952 16 10 7 3 83 43 31 3 82 77 29 2 17 33 19 13 41 30 35 6 22 7 6 4 1
958 998 956 960 934 925 953 957 945 957 959 950 947 961 949 931 944 947 952 952 959 962 960 954 4 -38 1 3 15 9 4 3 5 5 2 3 4 2 4 22 8 2 0 3 1 0 0 2 0
958 997 956 961 935 926 954 957 947 958 960 950 947 962 950 934 945 947 952 952 960 962 961 954 4 -37 1 2 14 8 3 3 3 4 1 3 4 1 3 19 7 2 0 3 0 0 -1 2 0
